7
86
46072 10723 47660 23377 25623 21154 35959 45539 26727 57034 51956 8041 27354 46820 25691 26596 5895 50294 24819 58885 17561 43024 10275 25386 4143 22705 54697 62840 24322 55032 18193 5377 19022 2790 15421 14986 19264 14248 40920 9979 38743 62915 37558 26978 61129 22004 50963 8559 26126 44668 30051 20077 42283 48876 38995 63955 26471 25024 44622 3875 52178 26853 12204 54647 60165 23605 1506 6506 24533 15204 49146 64337 51054 60836 3990 4383 20755 30483 46991 39961 34529 13114 18866 65400 53102 32391
86
57712 61772 35111 59748 51655 35834 30327 39394 34392 28924 18978 64488 25087 55077 5409 57912 54596 61642 24831 19699 28031 63224 33407 40452 37813 12965 54796 41876 56591 1684 53874 42553 59213 42921 21980 51749 29174 628 49473 62325 7997 60184 6346 25723 11314 28053 57544 46596 2872 54374 56179 757 34114 2090 17153 10226 62408 20669 18867 40553 49794 28193 61213 37019 40192 7342 42411 36574 64466 59776 21548 36949 59802 28591 55754 1358 42425 55624 33529 63361 6823 62629 50992 63375 53934 26531
86
45184 39521 32647 11537 6221 62293 30596 57100 43565 26396 39282 43048 35205 55254 8437 8306 60588 40670 17556 31154 30298 19377 38414 46979 42158 31217 25119 42616 54487 10576 30776 12010 54485 43066 48377 40028 50713 35032 61076 42588 21917 61974 42693 48099 8516 38327 48121 16761 17648 29503 55423 37944 51278 35902 31420 47715 56442 25378 57928 7884 8657 61505 56878 7206 3342 27017 60535 21217 50576 63572 17798 1901 6906 54721 57817 45967 9200 15422 13989 8214 55481 1936 35338 23623 5299 60626
86
56038 55315 35332 25879 5655 61499 42205 28122 57708 17579 48974 10726 46582 41120 30323 30251 23868 41511 1146 11803 36076 61784 39519 5954 4465 42410 60382 32043 57207 23539 36964 60142 12716 65495 439 33283 30693 31007 1211 51718 51851 49000 32165 64421 61365 47813 38787 347 55817 5195 32233 17648 49066 16285 25426 42945 3684 46547 49624 4627 17717 63021 1176 34807 6270 61496 37806 26986 18460 52491 25170 55677 8384 35128 31430 59982 18036 13821 2155 23355 48150 5396 1535 58101 58928 30089
86
32752 47362 57859 2449 31358 17687 56442 25615 19688 48326 51319 22429 2310 53437 21399 19877 54600 41017 62042 26825 1058 31981 60878 41010 5707 48199 55242 64642 56559 41769 6056 36886 34548 15461 17674 27823 40375 56115 29487 44136 62289 26020 36492 63969 49012 46038 39789 48477 11123 37010 52157 29599 65054 33344 57975 48899 36208 54361 17479 35019 31482 21852 45550 35373 10812 10782 38062 7559 57198 10343 30926 64023 55380 42137 41986 57309 19510 54795 60946 47004 16247 1405 62573 26096 41636 19937
86
23863 9989 16161 57280 8027 54100 35176 12397 35341 58536 1094 5763 28611 49730 50177 15175 45525 31087 35271 59679 49883 24369 42077 23502 40845 14899 58355 49938 56282 53988 39122 25736 65353 52356 16990 34571 34722 51983 63046 27172 58784 458 27528 40031 27076 57308 50143 32255 55111 1549 50993 21864 64045 27404 29602 36325 25366 64492 1223 7140 13739 27938 11755 10930 30987 46855 35258 21207 49713 16442 1508 59159 26588 2336 2792 24101 28599 46651 45260 19353 25131 31035 34968 42979 20661 36269
86
30293 17647 4560 15149 19122 45985 9167 51361 13483 61568 21918 32523 51684 44288 37814 2720 45646 52929 18463 16932 36398 14925 1236 47384 16773 25226 48903 61563 54214 12429 51761 56037 27413 27937 23971 42180 13523 56157 51020 23426 8504 30029 49436 31691 34601 6104 61367 38929 44556 51003 65327 22531 39914 20944 14004 9440 2088 37975 54173 28387 45947 9818 2087 34061 16156 46561 34745 28880 43049 63160 22660 16917 4057 58690 6793 65390 11266 43660 18496 58842 9564 33432 41754 35020 32317 7175